   1.5176858e-03   9.6904171e-01
   3.9107603e-03   9.6174119e-01
   6.6301631e-03   9.5315234e-01
   8.5881331e-03   9.4499294e-01
   1.0763655e-02   9.3898075e-01
   1.3047954e-02   9.3082134e-01
   1.4550748e-02   9.2667262e-01
   1.5619084e-02   9.2329843e-01
   1.6431020e-02   9.1958682e-01
   1.7713025e-02   9.1536909e-01
   1.8866828e-02   9.1132006e-01
   1.9593297e-02   9.0912684e-01
   2.0618901e-02   9.0524652e-01
   2.1516304e-02   9.0237846e-01
   2.2541907e-02   8.9883556e-01
   2.3823911e-02   8.9664233e-01
   2.4764048e-02   8.9293073e-01
   2.5704184e-02   8.9006266e-01
   2.6986188e-02   8.8533880e-01
   2.7969058e-02   8.8196461e-01
   2.9165595e-02   8.7859042e-01
   3.0062998e-02   8.7589107e-01
   3.0917668e-02   8.7133591e-01
   3.1857804e-02   8.6846785e-01
   3.3054341e-02   8.6458753e-01
   3.4293612e-02   8.6239431e-01
   3.6088418e-02   8.5952625e-01
   3.6643953e-02   8.5564593e-01
   3.7413156e-02   8.5075335e-01
   3.8994294e-02   8.4788529e-01
   4.0361765e-02   8.4333014e-01
   4.1643769e-02   8.3978724e-01
   4.2669373e-02   8.3641305e-01
   4.4250511e-02   8.3270144e-01
   4.6045317e-02   8.2898983e-01
   4.7797390e-02   8.2544693e-01
   4.8865726e-02   8.2021694e-01
   5.0489598e-02   8.1431211e-01
   5.1857070e-02   8.1093792e-01
   5.3139074e-02   8.0705760e-01
   5.4121944e-02   8.0486437e-01
   5.5147547e-02   8.0149019e-01
   5.6386818e-02   7.9862212e-01
   5.7455154e-02   7.9609148e-01
   5.8694425e-02   7.9221116e-01
   5.9933696e-02   7.8866826e-01
   6.1044766e-02   7.8546278e-01
   6.2839572e-02   7.8208859e-01
   6.3779708e-02   7.7938924e-01
   6.5018979e-02   7.7550892e-01
   6.5659981e-02   7.7399054e-01
   6.5959116e-02   7.7247215e-01
   6.7454787e-02   7.6909796e-01
   6.8565857e-02   7.6521765e-01
   6.9591461e-02   7.6353055e-01
   7.1619488e-02   7.5903623e-01
   7.2966240e-02   7.5414468e-01
   7.4259122e-02   7.5052919e-01
   7.6413925e-02   7.4648834e-01
   7.7976157e-02   7.4308552e-01
   7.9915479e-02   7.3798129e-01
   8.1369971e-02   7.3436579e-01
   8.3201554e-02   7.2968692e-01
   8.5464097e-02   7.2543339e-01
   8.7134069e-02   7.2032917e-01
   8.8696302e-02   7.1692635e-01
   8.9989183e-02   7.1394888e-01
   9.1174325e-02   7.1054606e-01
   9.2736557e-02   7.0799395e-01
   9.4298789e-02   7.0459113e-01
   9.5322321e-02   7.0182634e-01
   9.6776813e-02   6.9884887e-01
   9.8446785e-02   6.9395732e-01
   9.9631927e-02   6.9119253e-01
   1.0157125e-01   6.8821506e-01
   1.0291800e-01   6.8438689e-01
   1.0437249e-01   6.8140942e-01
   1.0566538e-01   6.7779393e-01
   1.0685052e-01   6.7545449e-01
   1.0771244e-01   6.7290237e-01
   1.0927467e-01   6.6949955e-01
   1.1078303e-01   6.6758547e-01
   1.1223752e-01   6.6545871e-01
   1.1439233e-01   6.6099251e-01
   1.1600843e-01   6.5652631e-01
   1.1794775e-01   6.5376152e-01
   1.2010256e-01   6.4929532e-01
   1.2231123e-01   6.4482912e-01
   1.2446603e-01   6.3951221e-01
   1.2694405e-01   6.3547136e-01
   1.2958369e-01   6.3143052e-01
   1.3200784e-01   6.2696432e-01
   1.3518618e-01   6.2079671e-01
   1.3863386e-01   6.1633051e-01
   1.4213542e-01   6.0995022e-01
   1.4536762e-01   6.0463331e-01
   1.4784564e-01   6.0059247e-01
   1.5032367e-01   5.9612627e-01
   1.5344813e-01   5.9336148e-01
   1.5614164e-01   5.8953330e-01
   1.5905062e-01   5.8527978e-01
   1.6169025e-01   5.8166429e-01
   1.6422215e-01   5.7868682e-01
   1.6713113e-01   5.7549668e-01
   1.7009399e-01   5.7273189e-01
   1.7383446e-01   5.6775853e-01
   1.7751524e-01   5.6305716e-01
   1.8152079e-01   5.5878319e-01
   1.8606763e-01   5.5472291e-01
   1.9039795e-01   5.4980785e-01
   1.9629802e-01   5.4660236e-01
   2.0246873e-01   5.4168730e-01
   2.0918074e-01   5.3677223e-01
   2.1616339e-01   5.3399414e-01
   2.2125152e-01   5.3356675e-01
   2.2558185e-01   5.3313935e-01
   2.2877546e-01   5.2950647e-01
   2.3251037e-01   5.2950647e-01
   2.3835631e-01   5.2950647e-01
   2.4133340e-01   5.2993387e-01
   2.4539308e-01   5.2950647e-01
   2.4885734e-01   5.2865168e-01
   2.5248399e-01   5.2950647e-01
   2.5535283e-01   5.2907907e-01
   2.5827580e-01   5.2907907e-01
   2.6179419e-01   5.2907907e-01
   2.6540219e-01   5.2824780e-01
   2.6799495e-01   5.2999010e-01
   2.7069803e-01   5.3282136e-01
   2.7373211e-01   5.3412809e-01
   2.7593871e-01   5.3412809e-01
   2.8035191e-01   5.3499924e-01
   2.8388248e-01   5.3783049e-01
   2.8713721e-01   5.3783049e-01
   2.9083327e-01   5.3870165e-01
   2.9530164e-01   5.4283963e-01
   2.9789439e-01   5.4283963e-01
   3.0015616e-01   5.4327521e-01
   3.0285925e-01   5.4567088e-01
   3.0517618e-01   5.4654204e-01
   3.0787926e-01   5.4654204e-01
   3.1196148e-01   5.5068002e-01
   3.1510588e-01   5.5198675e-01
   3.2084304e-01   5.5547137e-01
   3.2437361e-01   5.5634253e-01
   3.2983494e-01   5.5917378e-01
   3.3314485e-01   5.6004493e-01
   3.3783387e-01   5.6287618e-01
   3.4224708e-01   5.6396513e-01
   3.4621896e-01   5.6875648e-01
   3.5019084e-01   5.6810311e-01
   3.5311459e-01   5.7202331e-01
   3.5791394e-01   5.7289446e-01
   3.6133418e-01   5.7616129e-01
   3.6514056e-01   5.7659687e-01
   3.6967821e-01   5.7895420e-01
   3.7220182e-01   5.8085192e-01
   3.7508594e-01   5.8037749e-01
   3.7965246e-01   5.8203800e-01
   3.8349796e-01   5.8393573e-01
   3.8770397e-01   5.8393573e-01
   3.9052800e-01   5.8701953e-01
   3.9425332e-01   5.8939169e-01
   3.9713745e-01   5.8891726e-01
   3.9978122e-01   5.9034055e-01
   4.0296577e-01   5.9318714e-01
   4.0939496e-01   5.9366157e-01
   4.1137779e-01   5.9294993e-01
   4.1372114e-01   5.9318714e-01
   4.1702586e-01   5.9342436e-01
   4.1888852e-01   5.9627095e-01
   4.2279410e-01   5.9793146e-01
   4.2621900e-01   5.9674538e-01
   4.2928338e-01   5.9674538e-01
   4.3126621e-01   5.9888032e-01
   4.3390999e-01   6.0125248e-01
   4.3565248e-01   6.0172691e-01
   4.3925763e-01   6.0220134e-01
   4.4172115e-01   6.0220134e-01
   4.4616750e-01   6.0172691e-01
   4.5151514e-01   6.0125248e-01
   4.5524047e-01   6.0125248e-01
   4.5998725e-01   6.0125248e-01
   4.6413317e-01   6.0077805e-01
   4.6755806e-01   6.0077805e-01
   4.7007390e-01   6.0014666e-01
   4.7366662e-01   5.9986855e-01
   4.7842169e-01   5.9986855e-01
   4.8197919e-01   6.0000761e-01
   4.8683993e-01   5.9625305e-01
   4.9159500e-01   5.9472342e-01
   4.9589217e-01   5.9555777e-01
   4.9966101e-01   5.9555777e-01
   5.0406385e-01   5.9527965e-01
   5.0952337e-01   5.9263756e-01
   5.1533513e-01   5.9305473e-01
   5.2174566e-01   5.8943924e-01
   5.2699385e-01   5.8860489e-01
   5.3104447e-01   5.8485034e-01
   5.3562343e-01   5.8359882e-01
   5.4212344e-01   5.8109118e-01
   5.4803905e-01   5.7955133e-01
   5.5349961e-01   5.7570168e-01
   5.5687996e-01   5.7467511e-01
   5.6201549e-01   5.7159540e-01
   5.6624092e-01   5.7364854e-01
   5.7033634e-01   5.7210868e-01
   5.7391171e-01   5.6671918e-01
   5.7911224e-01   5.6723247e-01
   5.8346769e-01   5.6286954e-01
   5.8795315e-01   5.6235625e-01
   5.9269864e-01   5.6081639e-01
   5.9750913e-01   5.5953318e-01
   6.0147454e-01   5.5901989e-01
   6.0439984e-01   5.5645346e-01
   6.0791020e-01   5.5542689e-01
   6.1135555e-01   5.5465696e-01
   6.1649108e-01   5.5209054e-01
   6.2091154e-01   5.5055068e-01
   6.2552701e-01   5.5055068e-01
   6.2910238e-01   5.5055068e-01
   6.3293777e-01   5.4824089e-01
   6.3677316e-01   5.4670103e-01
   6.4002350e-01   5.4567446e-01
   6.4366387e-01   5.4670103e-01
   6.4834435e-01   5.4670103e-01
   6.5295983e-01   5.4413461e-01
   6.5575511e-01   5.4413461e-01
   6.5887544e-01   5.4387796e-01
   6.6102066e-01   5.4387796e-01
   6.6404126e-01   5.4277164e-01
   6.6779145e-01   5.4314178e-01
   6.7130725e-01   5.4240150e-01
   6.7561996e-01   5.4314178e-01
   6.7885450e-01   5.4240150e-01
   6.8265156e-01   5.4314178e-01
   6.8546420e-01   5.4462233e-01
   6.8977692e-01   5.4591781e-01
   6.9235517e-01   5.4628795e-01
   6.9573034e-01   5.4628795e-01
   6.9910550e-01   5.4628795e-01
   7.0224628e-01   5.4591781e-01
   7.0491829e-01   5.4628795e-01
   7.0773093e-01   5.4739837e-01
   7.1166863e-01   5.5295044e-01
   7.1359060e-01   5.5295044e-01
   7.1570008e-01   5.5202510e-01
   7.1921588e-01   5.5202510e-01
   7.2324733e-01   5.5369072e-01
   7.2699751e-01   5.5406086e-01
   7.2774755e-01   5.5406086e-01
   7.3023205e-01   5.5591155e-01
   7.3356034e-01   5.5979800e-01
   7.3651361e-01   5.5979800e-01
   7.3881060e-01   5.5887266e-01
   7.4120134e-01   5.6164869e-01
   7.4335770e-01   5.6368446e-01
   7.4598283e-01   5.6368446e-01
   7.4729539e-01   5.6349939e-01
   7.4977989e-01   5.6738584e-01
   7.5226439e-01   5.6757091e-01
   7.5580233e-01   5.6847938e-01
   7.5870303e-01   5.7093334e-01
   7.6185236e-01   5.7256931e-01
   7.6570614e-01   5.7502327e-01
   7.6810957e-01   5.7633204e-01
   7.7171472e-01   5.8009478e-01
   7.7507124e-01   5.8222154e-01
   7.7780619e-01   5.8516629e-01
   7.8029250e-01   5.8532988e-01
   7.8443635e-01   5.8827463e-01
   7.8675691e-01   5.8876542e-01
   7.8924322e-01   5.9252815e-01
   7.9210248e-01   5.9449132e-01
   7.9587338e-01   5.9727247e-01
   7.9728229e-01   5.9825405e-01
   8.0072169e-01   6.0070801e-01
   8.0258642e-01   6.0201678e-01
   8.0602582e-01   6.0447074e-01
   8.0768336e-01   6.0610671e-01
   8.0942378e-01   6.0708829e-01
   8.1087413e-01   6.0888786e-01
   8.1307037e-01   6.1036023e-01
   8.1464503e-01   6.1183261e-01
   8.1650976e-01   6.1314138e-01
   8.1779436e-01   6.1379577e-01
   8.1941046e-01   6.1494095e-01
   8.2094369e-01   6.1641333e-01
   8.2260123e-01   6.1772210e-01
   8.2421733e-01   6.1886728e-01
   8.2554336e-01   6.2033966e-01
   8.2699371e-01   6.2230282e-01
   8.2856837e-01   6.2393879e-01
   8.3039167e-01   6.2524757e-01
   8.3204921e-01   6.2639275e-01
   8.3374819e-01   6.2851951e-01
   8.3591581e-01   6.3020916e-01
   8.3730685e-01   6.3141467e-01
   8.3947823e-01   6.3302201e-01
   8.4195496e-01   6.3529907e-01
   8.4402455e-01   6.3730825e-01
   8.4626379e-01   6.3931743e-01
   8.4877444e-01   6.4226422e-01
   8.5050476e-01   6.4400551e-01
   8.5281185e-01   6.4655046e-01
   8.5464395e-01   6.4762202e-01
   8.5603499e-01   6.4909542e-01
   8.5725639e-01   6.5070276e-01
   8.5929206e-01   6.5244405e-01
   8.6217592e-01   6.5552479e-01
   8.6431337e-01   6.5860552e-01
   8.6651868e-01   6.6088259e-01
   8.6852042e-01   6.6289177e-01
   8.7021680e-01   6.6476700e-01
   8.7147213e-01   6.6583856e-01
   8.7286317e-01   6.6798168e-01
   8.7479706e-01   6.6958902e-01
   8.7635773e-01   6.7173214e-01
   8.7774877e-01   6.7347343e-01
   8.7893625e-01   6.7467894e-01
   8.8012372e-01   6.7575050e-01
   8.8188796e-01   6.7735784e-01
   8.8321115e-01   6.7950096e-01
   8.8511110e-01   6.8124225e-01
   8.8623072e-01   6.8244775e-01
   8.8748605e-01   6.8378720e-01
   8.8955564e-01   6.8566243e-01
   8.9135382e-01   6.8753767e-01
   8.9291449e-01   6.8954684e-01
   8.9447517e-01   6.9222574e-01
   8.9545908e-01   6.9369914e-01
   8.9729921e-01   6.9576864e-01
   8.9836366e-01   6.9716944e-01
   8.9964100e-01   6.9913056e-01
   9.0095383e-01   7.0095160e-01
   9.0272791e-01   7.0319288e-01
   9.0542452e-01   7.0627464e-01
   9.0645349e-01   7.0753536e-01
   9.0851144e-01   7.1019688e-01
   9.1010811e-01   7.1187784e-01
   9.1177575e-01   7.1369888e-01
   9.1365629e-01   7.1566000e-01
   9.1571423e-01   7.1902192e-01
   9.1699157e-01   7.2112312e-01
   9.1904951e-01   7.2448504e-01
   9.2046878e-01   7.2658624e-01
   9.2234931e-01   7.2868744e-01
   9.2362665e-01   7.3078864e-01
   9.2536526e-01   7.3317000e-01
   9.2664260e-01   7.3485096e-01
   9.2823928e-01   7.3751248e-01
   9.2941018e-01   7.3961368e-01
   9.3058107e-01   7.4101448e-01
   9.3246160e-01   7.4339584e-01
   9.3409376e-01   7.4577720e-01
   9.3530014e-01   7.4745816e-01
   9.3632911e-01   7.4871888e-01
   9.3742905e-01   7.5068000e-01
   9.3888380e-01   7.5278120e-01
   9.3948699e-01   7.5390184e-01
   9.4076433e-01   7.5572288e-01
   9.4239649e-01   7.5852448e-01
   9.4381576e-01   7.6104592e-01
   9.4406413e-01   7.6146616e-01
   9.4573177e-01   7.6454792e-01
   9.4601563e-01   7.6510824e-01
   9.4849935e-01   7.6931064e-01
   9.5020247e-01   7.7197216e-01
   9.5169270e-01   7.7449360e-01
   9.5350227e-01   7.7799560e-01
   9.5463769e-01   7.8009680e-01
   9.5587955e-01   7.8233808e-01
   9.5676659e-01   7.8387896e-01
   9.5815038e-01   7.8626032e-01
   9.6019576e-01   7.8887072e-01
   9.6166683e-01   7.9104860e-01
   9.6277013e-01   7.9409764e-01
   9.6431475e-01   7.9714668e-01
   9.6556515e-01   7.9917938e-01
   9.6674201e-01   8.0135726e-01
   9.6836018e-01   8.0324476e-01
   9.6975770e-01   8.0585823e-01
   9.7163331e-01   8.0977842e-01
   9.7310437e-01   8.1282746e-01
   9.7464900e-01   8.1587650e-01
   9.7582585e-01   8.1863516e-01
   9.7729692e-01   8.2168420e-01
   9.7865765e-01   8.2444285e-01
   9.8034938e-01   8.2749190e-01
   9.8207789e-01   8.3054094e-01
   9.8296053e-01   8.3315440e-01
   9.8428449e-01   8.3620344e-01
   9.8527746e-01   8.3838133e-01
   9.8737373e-01   8.4230152e-01
   9.8866091e-01   8.4607652e-01
   9.8991132e-01   8.4868999e-01
   9.9105140e-01   8.5144864e-01
   9.9233858e-01   8.5478807e-01
   9.9355221e-01   8.5841788e-01
   9.9509683e-01   8.6161211e-01
   9.9605303e-01   8.6364480e-01
   9.9704600e-01   8.6567750e-01
   9.9855384e-01   8.6843615e-01
   9.9899516e-01   8.6901692e-01
