   1.0180475e-03   1.2722349e+00
   5.6270616e-03   1.2613348e+00
   1.1157879e-02   1.2440764e+00
   1.8762752e-02   1.2250013e+00
   2.7058978e-02   1.2022929e+00
   3.6737907e-02   1.1814012e+00
   4.8029992e-02   1.1623261e+00
   6.0704781e-02   1.1414344e+00
   6.9001006e-02   1.1259926e+00
   7.7297232e-02   1.1141842e+00
   8.5132556e-02   1.1069176e+00
   9.5733289e-02   1.0951092e+00
   1.1002123e-01   1.0805758e+00
   1.2292647e-01   1.0705841e+00
   1.3606216e-01   1.0615007e+00
   1.5035011e-01   1.0551424e+00
   1.6233354e-01   1.0496923e+00
   1.7431698e-01   1.0460590e+00
   1.8745267e-01   1.0406090e+00
   1.9644025e-01   1.0378840e+00
   2.0681053e-01   1.0324339e+00
   2.1856352e-01   1.0288006e+00
   2.3192966e-01   1.0269839e+00
   2.4414354e-01   1.0179005e+00
   2.5774014e-01   1.0115422e+00
   2.7110628e-01   1.0060922e+00
   2.8078521e-01   9.9973381e-01
   2.9369045e-01   9.9246712e-01
   3.0567388e-01   9.8338375e-01
   3.1673552e-01   9.7793373e-01
   3.3033211e-01   9.6612535e-01
   3.4254600e-01   9.5795032e-01
   3.5475988e-01   9.4886695e-01
   3.6766512e-01   9.4160026e-01
   3.7987901e-01   9.3342522e-01
   3.9087894e-01   9.2427370e-01
   3.9870783e-01   9.1878782e-01
   4.0775455e-01   9.1330194e-01
   4.1471356e-01   9.0781606e-01
   4.2167258e-01   9.0507311e-01
   4.3141519e-01   8.9890150e-01
   4.4167974e-01   8.9341561e-01
   4.5351006e-01   8.8587252e-01
   4.6447051e-01   8.8175811e-01
   4.7282132e-01   8.8175811e-01
   4.8465165e-01   8.7764370e-01
   4.9874365e-01   8.7421502e-01
   5.1109590e-01   8.7147208e-01
   5.2292622e-01   8.6872914e-01
   5.3527847e-01   8.6598620e-01
   5.4832662e-01   8.6598620e-01
   5.5963501e-01   8.6598620e-01
   5.7198726e-01   8.6187179e-01
   5.8312168e-01   8.6187179e-01
   5.9616983e-01   8.5707164e-01
   6.0486860e-01   8.5707164e-01
   6.1513314e-01   8.5432870e-01
   6.2504974e-01   8.5295723e-01
   6.3774994e-01   8.4747135e-01
   6.5184194e-01   8.4678561e-01
   6.6697779e-01   8.3992826e-01
   6.7985196e-01   8.3718532e-01
   6.8694312e-01   8.3447053e-01
   6.9313480e-01   8.3282155e-01
   6.9790407e-01   8.2886399e-01
   7.0309170e-01   8.2886399e-01
   7.0894870e-01   8.2523623e-01
   7.1455469e-01   8.2259786e-01
   7.1882193e-01   8.2127867e-01
   7.2417690e-01   8.2127867e-01
   7.2777477e-01   8.2061908e-01
   7.3304607e-01   8.1567213e-01
   7.4007447e-01   8.1567213e-01
   7.4752123e-01   8.1567213e-01
   7.5262518e-01   8.1237416e-01
   7.5948624e-01   8.1138478e-01
   7.6517589e-01   8.1072518e-01
   7.7287367e-01   8.1072518e-01
   7.7981839e-01   8.1435294e-01
   7.8634476e-01   8.1501254e-01
   7.9144872e-01   8.1699132e-01
   7.9764041e-01   8.2061908e-01
   8.0450146e-01   8.2391704e-01
   8.0801566e-01   8.2688521e-01
   8.1345430e-01   8.3150236e-01
   8.1822357e-01   8.3381093e-01
   8.2274183e-01   8.3578971e-01
   8.2659072e-01   8.4172605e-01
   8.3105822e-01   8.4475131e-01
   8.3404568e-01   8.4922590e-01
   8.3763062e-01   8.5252297e-01
   8.4157407e-01   8.5746858e-01
   8.4480052e-01   8.6359171e-01
   8.4892320e-01   8.6853732e-01
   8.5203016e-01   8.7230540e-01
   8.5471887e-01   8.7677999e-01
   8.5698933e-01   8.8078358e-01
   8.5955855e-01   8.8525818e-01
   8.6182901e-01   8.8926176e-01
   8.6380073e-01   8.9208782e-01
   8.6433847e-01   8.9302984e-01
   8.6607120e-01   8.9609141e-01
   8.6798317e-01   8.9962399e-01
   8.7007439e-01   9.0433409e-01
   8.7264360e-01   9.0786666e-01
   8.7473482e-01   9.1234126e-01
   8.7688579e-01   9.1775788e-01
   8.7921600e-01   9.2129045e-01
   8.8130722e-01   9.2623606e-01
   8.8381668e-01   9.3188818e-01
   8.8560915e-01   9.3447874e-01
   8.8770037e-01   9.4036636e-01
   8.8967209e-01   9.4484096e-01
   8.9104632e-01   9.4837353e-01
   8.9259980e-01   9.5143510e-01
   8.9451177e-01   9.5567419e-01
   8.9594575e-01   9.5967778e-01
   8.9791747e-01   9.6321035e-01
   8.9965019e-01   9.6721394e-01
   9.0126342e-01   9.7168854e-01
   9.0323514e-01   9.7710515e-01
   9.0520686e-01   9.8205076e-01
   9.0687983e-01   9.8746737e-01
   9.0897105e-01   9.9241298e-01
   9.1064403e-01   9.9759409e-01
   9.1213776e-01   1.0011267e+00
   9.1375098e-01   1.0060723e+00
   9.1560320e-01   1.0105469e+00
   9.1745543e-01   1.0166700e+00
   9.1984539e-01   1.0239707e+00
   9.2223535e-01   1.0298583e+00
   9.2378883e-01   1.0333909e+00
   9.2492406e-01   1.0371589e+00
   9.2707503e-01   1.0430466e+00
   9.2827001e-01   1.0479922e+00
   9.2952474e-01   1.0531733e+00
   9.3155621e-01   1.0585899e+00
   9.3316145e-01   1.0639651e+00
   9.3473488e-01   1.0680997e+00
   9.3657055e-01   1.0735262e+00
   9.3781618e-01   1.0786944e+00
   9.3958629e-01   1.0836041e+00
   9.4129084e-01   1.0890307e+00
   9.4306095e-01   1.0944572e+00
   9.4542110e-01   1.1016926e+00
   9.4686341e-01   1.1068608e+00
   9.4883020e-01   1.1130626e+00
   9.5092810e-01   1.1190059e+00
   9.5328825e-01   1.1275334e+00
   9.5505836e-01   1.1329600e+00
   9.5676291e-01   1.1389033e+00
   9.5859858e-01   1.1471724e+00
   9.6063093e-01   1.1551830e+00
   9.6246660e-01   1.1595759e+00
   9.6443338e-01   1.1668114e+00
   9.6600682e-01   1.1722379e+00
   9.6764581e-01   1.1786981e+00
   9.6948148e-01   1.1851583e+00
   9.7144826e-01   1.1926521e+00
   9.7367729e-01   1.2011796e+00
   9.7538184e-01   1.2058309e+00
   9.7754531e-01   1.2122911e+00
   9.7931542e-01   1.2184929e+00
   9.8121665e-01   1.2257283e+00
   9.8351123e-01   1.2337389e+00
   9.8495355e-01   1.2396823e+00
   9.8633030e-01   1.2464009e+00
   9.8783817e-01   1.2523443e+00
   9.8928048e-01   1.2580292e+00
   9.9046055e-01   1.2624222e+00
   9.9203398e-01   1.2686239e+00
   9.9354186e-01   1.2753425e+00
   9.9504973e-01   1.2825780e+00
   9.9616424e-01   1.2861957e+00
   9.9780323e-01   1.2918806e+00
   9.9891774e-01   1.2954983e+00
