   9.6860589e-04   1.1179704e+00
   2.2505950e-03   1.1159106e+00
   3.2561827e-03   1.1126984e+00
   4.3096554e-03   1.1091082e+00
   5.5546687e-03   1.1062738e+00
   6.0814051e-03   1.1038174e+00
   7.1348779e-03   1.0994714e+00
   8.1883507e-03   1.0956922e+00
   9.3854788e-03   1.0932358e+00
   1.0391066e-02   1.0896456e+00
   1.1157229e-02   1.0881339e+00
   1.2019161e-02   1.0856775e+00
   1.3120519e-02   1.0805757e+00
   1.4557072e-02   1.0764186e+00
   1.5706316e-02   1.0730174e+00
   1.7286525e-02   1.0698051e+00
   1.8770964e-02   1.0647033e+00
   2.0494828e-02   1.0603573e+00
   2.2122922e-02   1.0556333e+00
   2.3320051e-02   1.0524211e+00
   2.4756604e-02   1.0480751e+00
   2.6049503e-02   1.0444849e+00
   2.7150861e-02   1.0405168e+00
   2.8491644e-02   1.0373045e+00
   2.9784543e-02   1.0325806e+00
   3.1412637e-02   1.0293683e+00
   3.2609765e-02   1.0267229e+00
   3.3854778e-02   1.0223769e+00
   3.5434988e-02   1.0176530e+00
   3.7110967e-02   1.0136849e+00
   3.8355980e-02   1.0100947e+00
   3.9696764e-02   1.0068824e+00
   4.0798122e-02   1.0032922e+00
   4.2091020e-02   9.9894623e-01
   4.4006425e-02   9.9422231e-01
   4.5490864e-02   9.9063212e-01
   4.7262614e-02   9.8590820e-01
   4.8890708e-02   9.8118427e-01
   5.0518802e-02   9.7664930e-01
   5.2242667e-02   9.7211434e-01
   5.3535565e-02   9.6833520e-01
   5.5498856e-02   9.6304440e-01
   5.7605801e-02   9.5832047e-01
   5.8802929e-02   9.5529716e-01
   5.9952172e-02   9.5284072e-01
   6.1388726e-02   9.4943949e-01
   6.2346429e-02   9.4773888e-01
   6.4166064e-02   9.4377078e-01
   6.5842043e-02   9.3942477e-01
   6.7039171e-02   9.3583459e-01
   6.8236299e-02   9.3092171e-01
   6.9337657e-02   9.2827631e-01
   7.1205177e-02   9.2449717e-01
   7.2785386e-02   9.2071803e-01
   7.4078285e-02   9.1807263e-01
   7.5275413e-02   9.1372662e-01
   7.6711967e-02   9.0938061e-01
   7.8315514e-02   9.0739292e-01
   7.9896010e-02   9.0330008e-01
   8.1229553e-02   9.0057152e-01
   8.2563097e-02   8.9608888e-01
   8.4637497e-02   8.9102156e-01
   8.6464945e-02   8.8614912e-01
   8.7847879e-02   8.8361546e-01
   9.0416185e-02   8.7913282e-01
   9.2737538e-02   8.7348080e-01
   9.5305844e-02   8.6782878e-01
   9.7182682e-02   8.6276145e-01
   9.9207692e-02   8.5808392e-01
   1.0103514e-01   8.5399108e-01
   1.0281320e-01   8.4989823e-01
   1.0513455e-01   8.4561049e-01
   1.0730773e-01   8.4034827e-01
   1.0859189e-01   8.3722991e-01
   1.1081446e-01   8.3333197e-01
   1.1328398e-01   8.2767995e-01
   1.1525960e-01   8.2319731e-01
   1.1703766e-01   8.1988405e-01
   1.1896389e-01   8.1657080e-01
   1.2118646e-01   8.1130858e-01
   1.2360660e-01   8.0760553e-01
   1.2582917e-01   8.0390248e-01
   1.2676759e-01   8.0156371e-01
   1.2805174e-01   7.9903005e-01
   1.2968163e-01   7.9532700e-01
   1.3136090e-01   7.9240354e-01
   1.3313896e-01   7.8889539e-01
   1.3496641e-01   7.8538724e-01
   1.3728776e-01   7.8129440e-01
   1.3921399e-01   7.7778625e-01
   1.4153534e-01   7.7427810e-01
   1.4356035e-01   7.7115974e-01
   1.4563476e-01   7.6804138e-01
   1.4686952e-01   7.6648220e-01
   1.4775855e-01   7.6511792e-01
   1.4874636e-01   7.6355875e-01
   1.4973417e-01   7.6199957e-01
   1.5131466e-01   7.5966080e-01
   1.5289516e-01   7.5810162e-01
   1.5422870e-01   7.5576286e-01
   1.5571042e-01   7.5400878e-01
   1.5694518e-01   7.5205981e-01
   1.5837750e-01   7.5011083e-01
   1.5971105e-01   7.4835676e-01
   1.6099520e-01   7.4621289e-01
   1.6262508e-01   7.4387412e-01
   1.6420558e-01   7.4192515e-01
   1.6568730e-01   7.3880679e-01
   1.6687267e-01   7.3724762e-01
   1.6830499e-01   7.3588333e-01
   1.7013244e-01   7.3412926e-01
   1.7191050e-01   7.3295988e-01
   1.7422340e-01   7.3126991e-01
   1.7589540e-01   7.2838338e-01
   1.7761965e-01   7.2714630e-01
   1.7918715e-01   7.2364122e-01
   1.8070239e-01   7.2281650e-01
   1.8232214e-01   7.2054851e-01
   1.8347164e-01   7.1931143e-01
   1.8498689e-01   7.1848670e-01
   1.8655439e-01   7.1683726e-01
   1.8833089e-01   7.1415691e-01
   1.8989838e-01   7.1333218e-01
   1.9146588e-01   7.1147656e-01
   1.9386938e-01   7.1023947e-01
   1.9564588e-01   7.0900239e-01
   1.9721338e-01   7.0714676e-01
   1.9946012e-01   7.0590967e-01
   2.0149787e-01   7.0384787e-01
   2.0290862e-01   7.0199224e-01
   2.0411037e-01   7.0199224e-01
   2.0541662e-01   7.0075516e-01
   2.0724537e-01   7.0075516e-01
   2.0938761e-01   6.9993043e-01
   2.1220911e-01   6.9725008e-01
   2.1403786e-01   6.9725008e-01
   2.1560536e-01   6.9642536e-01
   2.1779985e-01   6.9725008e-01
   2.2009885e-01   6.9725008e-01
   2.2271135e-01   6.9518827e-01
   2.2542834e-01   6.9518827e-01
   2.2730934e-01   6.9518827e-01
   2.3169834e-01   6.9477591e-01
   2.3410184e-01   6.9477591e-01
   2.3593058e-01   6.9683772e-01
   2.3833408e-01   6.9910571e-01
   2.4073758e-01   6.9848717e-01
   2.4324558e-01   6.9848717e-01
   2.4559682e-01   6.9848717e-01
   2.4779132e-01   6.9848717e-01
   2.5045607e-01   6.9910571e-01
   2.5296406e-01   6.9951807e-01
   2.5552431e-01   7.0116752e-01
   2.5730081e-01   7.0240460e-01
   2.5918181e-01   7.0240460e-01
   2.6095831e-01   7.0199224e-01
   2.6163755e-01   7.0199224e-01
   2.6315280e-01   7.0426023e-01
   2.6477255e-01   7.0590967e-01
   2.6691480e-01   7.0859002e-01
   2.6895255e-01   7.1065183e-01
   2.7135604e-01   7.1023947e-01
   2.7407304e-01   7.1209510e-01
   2.7590179e-01   7.1415691e-01
   2.7800101e-01   7.1501138e-01
   2.7904809e-01   7.1547913e-01
   2.8086566e-01   7.1750606e-01
   2.8282153e-01   7.1961095e-01
   2.8461934e-01   7.2078034e-01
   2.8618008e-01   7.2296319e-01
   2.8742472e-01   7.2428849e-01
   2.8890644e-01   7.2499012e-01
   2.9094132e-01   7.2732888e-01
   2.9258109e-01   7.2842031e-01
   2.9503086e-01   7.3044724e-01
   2.9686818e-01   7.3224029e-01
   2.9906112e-01   7.3457906e-01
   3.0087869e-01   7.3660599e-01
   3.0303212e-01   7.3886680e-01
   3.0506700e-01   7.4050394e-01
   3.0820824e-01   7.4346638e-01
   3.1121118e-01   7.4868962e-01
   3.1447095e-01   7.5321124e-01
   3.1628852e-01   7.5453654e-01
   3.1895366e-01   7.5788108e-01
   3.2108941e-01   7.6112253e-01
   3.2211621e-01   7.6217600e-01
   3.2462222e-01   7.6501242e-01
   3.2699485e-01   7.6664068e-01
   3.2957379e-01   7.7071134e-01
   3.3359694e-01   7.7600319e-01
   3.3669168e-01   7.8048091e-01
   3.3999272e-01   7.8536569e-01
   3.4319061e-01   7.8984341e-01
   3.4752324e-01   7.9554233e-01
   3.5061797e-01   8.0002005e-01
   3.5371270e-01   8.0490484e-01
   3.5701375e-01   8.0694016e-01
   3.5907691e-01   8.1101082e-01
   3.6144954e-01   8.1589560e-01
   3.6464743e-01   8.1874506e-01
   3.6763900e-01   8.2362985e-01
   3.7135268e-01   8.2810757e-01
   3.7537583e-01   8.3584181e-01
   3.7950214e-01   8.4113366e-01
   3.8362845e-01   8.4683258e-01
   3.8754845e-01   8.5212443e-01
   3.9167476e-01   8.5863748e-01
   3.9745159e-01   8.6637172e-01
   4.0106211e-01   8.7166357e-01
   4.0436316e-01   8.7695542e-01
   4.0859263e-01   8.8265434e-01
   4.1209999e-01   8.8631793e-01
   4.1591683e-01   8.9038858e-01
   4.2086840e-01   8.9730870e-01
   4.2540734e-01   9.0300761e-01
   4.2932734e-01   9.0829946e-01
   4.3273154e-01   9.1318425e-01
   4.3757996e-01   9.1929023e-01
   4.4098416e-01   9.2336089e-01
   4.4407890e-01   9.2539621e-01
   4.4758626e-01   9.2905980e-01
   4.5119678e-01   9.3150220e-01
   4.5573572e-01   9.3760818e-01
   4.5965572e-01   9.4208590e-01
   4.6501992e-01   9.4778481e-01
   4.6966202e-01   9.5104134e-01
   4.7306623e-01   9.5389080e-01
   4.7843043e-01   9.6040384e-01
   4.8317569e-01   9.6325330e-01
   4.8957147e-01   9.6813809e-01
   4.9524514e-01   9.7180168e-01
   5.0019671e-01   9.7627940e-01
   5.0855249e-01   9.7912886e-01
   5.1391670e-01   9.8401364e-01
   5.2155037e-01   9.8889843e-01
   5.2492105e-01   9.8752913e-01
   5.2722941e-01   9.8935091e-01
   5.2971089e-01   9.9231130e-01
   5.3265405e-01   9.9322219e-01
   5.3525096e-01   9.9413308e-01
   5.3836724e-01   9.9504397e-01
   5.4136811e-01   9.9709347e-01
   5.4379188e-01   9.9663802e-01
   5.4702359e-01   9.9663802e-01
   5.5019758e-01   9.9754891e-01
   5.5302532e-01   9.9845980e-01
   5.5487201e-01   1.0002816e+00
   5.5816142e-01   1.0007370e+00
   5.5995040e-01   1.0007370e+00
   5.6335523e-01   1.0014202e+00
   5.6687547e-01   1.0018756e+00
   5.7033801e-01   1.0032420e+00
   5.7414680e-01   1.0046083e+00
   5.7910978e-01   1.0057469e+00
   5.8493838e-01   1.0075687e+00
   5.8990454e-01   1.0045956e+00
   5.9475296e-01   1.0041886e+00
   6.0135505e-01   1.0025603e+00
   6.0651294e-01   1.0025603e+00
   6.1404346e-01   1.0025603e+00
   6.2023292e-01   1.0037815e+00
   6.2714449e-01   1.0045956e+00
   6.3145617e-01   1.0080483e+00
   6.3687312e-01   1.0080483e+00
   6.4173606e-01   1.0075625e+00
   6.4629122e-01   1.0075625e+00
   6.5146195e-01   1.0073196e+00
   6.5614022e-01   1.0075625e+00
   6.5909492e-01   1.0099916e+00
   6.6438876e-01   1.0126635e+00
   6.6814369e-01   1.0141209e+00
   6.7159084e-01   1.0136351e+00
   6.7626911e-01   1.0119348e+00
   6.7830047e-01   1.0136351e+00
   6.8205540e-01   1.0131493e+00
   6.8630278e-01   1.0170358e+00
   6.8827258e-01   1.0177645e+00
   6.9362797e-01   1.0177645e+00
   6.9781380e-01   1.0170358e+00
   7.0316919e-01   1.0197077e+00
   7.0618545e-01   1.0216510e+00
   7.0864770e-01   1.0221368e+00
   7.1326441e-01   1.0255374e+00
   7.1535733e-01   1.0267519e+00
   7.1960471e-01   1.0291810e+00
   7.2329808e-01   1.0299097e+00
   7.2754546e-01   1.0301526e+00
   7.3056172e-01   1.0342820e+00
   7.3406489e-01   1.0337130e+00
   7.3817374e-01   1.0378402e+00
   7.4243201e-01   1.0387245e+00
   7.4706381e-01   1.0422621e+00
   7.5154620e-01   1.0440309e+00
   7.5505741e-01   1.0466840e+00
   7.5953979e-01   1.0490424e+00
   7.6200511e-01   1.0516955e+00
   7.6588984e-01   1.0552331e+00
   7.7134342e-01   1.0602446e+00
   7.7336049e-01   1.0614238e+00
   7.7858995e-01   1.0652561e+00
   7.8389411e-01   1.0670249e+00
   7.8912356e-01   1.0714468e+00
   7.9345653e-01   1.0755740e+00
   7.9980659e-01   1.0805855e+00
   8.0354191e-01   1.0832386e+00
   8.0787489e-01   1.0879554e+00
   8.0989196e-01   1.0888398e+00
   8.1474788e-01   1.0917877e+00
   8.1848320e-01   1.0953253e+00
   8.2393678e-01   1.1003368e+00
   8.3006271e-01   1.1050535e+00
   8.3439568e-01   1.1088858e+00
   8.3975883e-01   1.1155257e+00
   8.4304785e-01   1.1180367e+00
   8.4748363e-01   1.1196650e+00
   8.5068152e-01   1.1225144e+00
   8.5439520e-01   1.1257710e+00
   8.5862467e-01   1.1290275e+00
   8.6233835e-01   1.1326911e+00
   8.6646466e-01   1.1383900e+00
   8.7224149e-01   1.1420536e+00
   8.7750253e-01   1.1469384e+00
   8.8152569e-01   1.1514161e+00
   8.8833410e-01   1.1563009e+00
   8.9184146e-01   1.1607786e+00
   8.9648356e-01   1.1656634e+00
   8.9968145e-01   1.1676987e+00
   9.0504566e-01   1.1709552e+00
   9.0948144e-01   1.1754329e+00
   9.1422670e-01   1.1811319e+00
   9.1866248e-01   1.1864237e+00
   9.2186037e-01   1.1904944e+00
   9.2712141e-01   1.1966003e+00
   9.3331088e-01   1.2010781e+00
   9.3846877e-01   1.2059629e+00
   9.4465823e-01   1.2112547e+00
   9.4795928e-01   1.2145112e+00
   9.5270454e-01   1.2198031e+00
   9.5610874e-01   1.2226525e+00
   9.5889986e-01   1.2238170e+00
   9.6190455e-01   1.2277692e+00
   9.6503443e-01   1.2302393e+00
   9.6791392e-01   1.2332035e+00
   9.7041783e-01   1.2371557e+00
   9.7317213e-01   1.2425900e+00
   9.7630201e-01   1.2455541e+00
   9.7968228e-01   1.2475302e+00
   9.8268697e-01   1.2509884e+00
   9.8581685e-01   1.2539526e+00
   9.8794517e-01   1.2623510e+00
   9.9120025e-01   1.2648212e+00
   9.9370416e-01   1.2677853e+00
   9.9620806e-01   1.2707495e+00
   9.9821119e-01   1.2761838e+00
