   1.6854067e-03  -4.6386470e-04
   3.0798741e-03   1.7538321e-03
   5.3668007e-03   6.1892258e-03
   7.7652847e-03   1.0901832e-02
   1.0331105e-02   1.5614437e-02
   1.3287376e-02   2.0327043e-02
   1.5295409e-02   2.5316861e-02
   1.7805450e-02   3.2524376e-02
   1.9646147e-02   4.2504011e-02
   2.1821516e-02   5.2206435e-02
   2.3327541e-02   5.9968374e-02
   2.4889345e-02   6.8007525e-02
   2.6172255e-02   7.5215040e-02
   2.7622501e-02   8.3808615e-02
   2.9909428e-02   9.3788251e-02
   3.1415452e-02   1.0071855e-01
   3.2754141e-02   1.0709443e-01
   3.5431519e-02   1.2123225e-01
   3.8443568e-02   1.3509285e-01
   4.1455618e-02   1.5228000e-01
   4.6698816e-02   1.7695188e-01
   5.2220907e-02   2.0411867e-01
   5.6404309e-02   2.2574121e-01
   6.0364596e-02   2.4486885e-01
   6.4882671e-02   2.6732303e-01
   7.0237426e-02   2.9254933e-01
   7.4086156e-02   3.1361745e-01
   7.6261525e-02   3.2470593e-01
   7.8771559e-02   3.3607162e-01
   8.2676067e-02   3.5658532e-01
   8.6469019e-02   3.7543574e-01
   9.0261970e-02   3.9428616e-01
   9.4054922e-02   4.1119610e-01
   9.7568980e-02   4.2810604e-01
   1.0203128e-01   4.4501598e-01
   1.0593578e-01   4.5943101e-01
   1.0905939e-01   4.7356883e-01
   1.1452570e-01   4.9491416e-01
   1.1898800e-01   5.1459622e-01
   1.2244628e-01   5.2873404e-01
   1.2713169e-01   5.4564397e-01
   1.3287690e-01   5.6865258e-01
   1.3912411e-01   5.9055233e-01
   1.4152259e-01   5.9775985e-01
   1.4336329e-01   6.0413573e-01
   1.4525977e-01   6.1051161e-01
   1.4710046e-01   6.1688748e-01
   1.4966628e-01   6.2437221e-01
   1.5150698e-01   6.3047088e-01
   1.5306878e-01   6.3518348e-01
   1.5563460e-01   6.4266821e-01
   1.5786575e-01   6.4876688e-01
   1.5948333e-01   6.5347948e-01
   1.6126825e-01   6.5819209e-01
   1.6370928e-01   6.6394671e-01
   1.6502378e-01   6.7004406e-01
   1.6747752e-01   6.7657694e-01
   1.7036942e-01   6.8485192e-01
   1.7334895e-01   6.9138479e-01
   1.7571505e-01   6.9835320e-01
   1.7939565e-01   7.0662817e-01
   1.8228755e-01   7.1229000e-01
   1.8561762e-01   7.1969393e-01
   1.8886005e-01   7.2579128e-01
   1.9245302e-01   7.3580836e-01
   1.9578309e-01   7.4321229e-01
   1.9876262e-01   7.4800306e-01
   2.0191742e-01   7.5584252e-01
   2.0603619e-01   7.6542407e-01
   2.0954153e-01   7.7152142e-01
   2.1453663e-01   7.7892535e-01
   2.1944409e-01   7.8807138e-01
   2.2356286e-01   7.9460426e-01
   2.2724346e-01   8.0070161e-01
   2.3083643e-01   8.0723449e-01
   2.3329016e-01   8.1115421e-01
   2.3539337e-01   8.1550947e-01
   2.3732130e-01   8.2030024e-01
   2.4100190e-01   8.2726864e-01
   2.4529593e-01   8.3423705e-01
   2.4888890e-01   8.3946335e-01
   2.5248187e-01   8.4512518e-01
   2.5484797e-01   8.4773833e-01
   2.5730170e-01   8.5078700e-01
   2.6133284e-01   8.5731988e-01
   2.6387421e-01   8.6167513e-01
   2.6869404e-01   8.6820801e-01
   2.7123541e-01   8.7212774e-01
   2.7377677e-01   8.7474089e-01
   2.7754501e-01   8.8040272e-01
   2.8140088e-01   8.8562902e-01
   2.8420514e-01   8.8911322e-01
   2.8709704e-01   8.9216189e-01
   2.9051474e-01   8.9695267e-01
   2.9340665e-01   9.0043687e-01
   2.9673671e-01   9.0522765e-01
   2.9971625e-01   9.0914738e-01
   3.0269578e-01   9.1306710e-01
   3.0541241e-01   9.1742235e-01
   3.1084568e-01   9.2264866e-01
   3.1452628e-01   9.2787496e-01
   3.1846978e-01   9.3310126e-01
   3.2188749e-01   9.3789204e-01
   3.2689692e-01   9.4038937e-01
   3.3100896e-01   9.4476857e-01
   3.3717701e-01   9.5206723e-01
   3.4261078e-01   9.6009575e-01
   3.4907256e-01   9.6447495e-01
   3.5318460e-01   9.6812428e-01
   3.5847150e-01   9.7542293e-01
   3.6537385e-01   9.7980213e-01
   3.7051390e-01   9.8272159e-01
   3.8064714e-01   9.8491119e-01
   3.8534662e-01   9.9075012e-01
   3.9224897e-01   9.9512931e-01
   4.0061991e-01   9.9731891e-01
   4.0605367e-01   9.9877864e-01
   4.1119372e-01   9.9877864e-01
   4.1721492e-01   9.9804878e-01
   4.2176754e-01   9.9804878e-01
   4.2646701e-01   9.9658904e-01
   4.3380994e-01   9.9731891e-01
   4.3733454e-01   9.9731891e-01
   4.4129972e-01   9.9731891e-01
   4.4629291e-01   9.9512931e-01
   4.5143296e-01   9.9366958e-01
   4.5642615e-01   9.9220985e-01
   4.6097877e-01   9.8929039e-01
   4.7081829e-01   9.7980213e-01
   4.7683949e-01   9.7834240e-01
   4.8344813e-01   9.7396320e-01
   4.8667901e-01   9.6958401e-01
   4.9167220e-01   9.6009575e-01
   4.9460937e-01   9.5717629e-01
   4.9754655e-01   9.5060750e-01
   5.0283345e-01   9.4038937e-01
   5.0709235e-01   9.4184911e-01
   5.1223240e-01   9.4330884e-01
   5.1795988e-01   9.4476857e-01
   5.2045648e-01   9.4038937e-01
   5.2647768e-01   9.3528031e-01
   5.3147087e-01   9.2798165e-01
   5.3793265e-01   9.2360246e-01
   5.4189783e-01   9.1265447e-01
   5.4571615e-01   9.0973501e-01
   5.5026876e-01   9.0170648e-01
   5.5496824e-01   8.9586756e-01
   5.6040200e-01   8.8856890e-01
   5.6480776e-01   8.8345984e-01
   5.6803864e-01   8.8054037e-01
   5.7259126e-01   8.7762091e-01
   5.7861246e-01   8.7032225e-01
   5.8287136e-01   8.6083400e-01
   5.8830512e-01   8.5499507e-01
   5.9520748e-01   8.4842628e-01
   6.0166925e-01   8.4258735e-01
   6.0974647e-01   8.3455882e-01
   6.1650196e-01   8.2726017e-01
   6.2355117e-01   8.2142124e-01
   6.3192211e-01   8.1047325e-01
   6.3955876e-01   8.0536419e-01
   6.4704854e-01   7.9660580e-01
   6.5586005e-01   7.9368634e-01
   6.6173440e-01   7.8930714e-01
   6.6878361e-01   7.8419808e-01
   6.6893047e-01   7.8492795e-01
   6.7921056e-01   7.7470983e-01
   6.8787522e-01   7.7616956e-01
   6.9374956e-01   7.7762929e-01
   7.0226736e-01   7.7033063e-01
   7.0872913e-01   7.7179036e-01
   7.1636578e-01   7.7033063e-01
   7.2356184e-01   7.6887090e-01
   7.3237336e-01   7.6449170e-01
   7.3956943e-01   7.6084237e-01
   7.4632492e-01   7.6084237e-01
   7.5234612e-01   7.5573331e-01
   7.5880790e-01   7.5281385e-01
   7.6761943e-01   7.4697496e-01
   7.7613722e-01   7.3967630e-01
   7.8421444e-01   7.3456724e-01
   7.8906077e-01   7.2872831e-01
   7.9287910e-01   7.2434911e-01
   7.9978145e-01   7.1632059e-01
   8.0418721e-01   7.1340113e-01
   8.0815239e-01   7.0610247e-01
   8.1211757e-01   7.0099341e-01
   8.1593589e-01   6.9515448e-01
   8.1813877e-01   6.9077529e-01
   8.2092908e-01   6.8566622e-01
   8.2474740e-01   6.7982730e-01
   8.2885944e-01   6.7544810e-01
   8.3223719e-01   6.7033904e-01
   8.3532122e-01   6.6158065e-01
   8.3928640e-01   6.5501186e-01
   8.4207671e-01   6.4917293e-01
   8.4383901e-01   6.4479374e-01
   8.4633561e-01   6.3968468e-01
   8.5030079e-01   6.3019642e-01
   8.5367853e-01   6.1997830e-01
   8.5705628e-01   6.0903031e-01
   8.5999345e-01   6.0173165e-01
   8.6469293e-01   5.9078366e-01
   8.6983297e-01   5.7545648e-01
   8.7409187e-01   5.6012930e-01
   8.7805705e-01   5.5064104e-01
   8.8187538e-01   5.4042292e-01
   8.8510626e-01   5.2801520e-01
   8.8903489e-01   5.1464198e-01
   8.9277391e-01   5.0116974e-01
   8.9548471e-01   4.9141397e-01
   8.9847592e-01   4.7933541e-01
   9.0137367e-01   4.6307580e-01
   9.0417793e-01   4.5564284e-01
   9.0744958e-01   4.4217060e-01
   9.1081470e-01   4.2962747e-01
   9.1361897e-01   4.2126539e-01
   9.1642324e-01   4.0779314e-01
   9.1876012e-01   3.9710826e-01
   9.2212525e-01   3.8224233e-01
   9.2595774e-01   3.6551817e-01
   9.2913591e-01   3.5204592e-01
   9.3184671e-01   3.4321928e-01
   9.3399664e-01   3.2788879e-01
   9.3698786e-01   3.1766847e-01
   9.3885737e-01   3.0651902e-01
   9.4119426e-01   2.9258222e-01
   9.4381158e-01   2.8282645e-01
   9.4633542e-01   2.7214157e-01
   9.4829841e-01   2.6052757e-01
   9.5026139e-01   2.4891356e-01
   9.5371999e-01   2.3265396e-01
   9.5586993e-01   2.2196907e-01
   9.5792639e-01   2.0849683e-01
   9.5922256e-01   2.0081491e-01
   9.6053122e-01   1.9291738e-01
   9.6249420e-01   1.8501986e-01
   9.6436372e-01   1.7619322e-01
   9.6557890e-01   1.6643745e-01
   9.6716798e-01   1.5668169e-01
   9.6903749e-01   1.4506769e-01
   9.7053310e-01   1.3531192e-01
   9.7230914e-01   1.2648528e-01
   9.7436560e-01   1.1487127e-01
   9.7576774e-01   1.0325727e-01
   9.7819810e-01   9.0714144e-02
   9.8025456e-01   7.7706460e-02
   9.8231103e-01   6.6557015e-02
   9.8502182e-01   5.4013890e-02
   9.8876084e-01   4.4258127e-02
   9.9165858e-01   3.5896044e-02
   9.9549108e-01   2.7998521e-02
   9.9726712e-01   2.2423798e-02
   9.9866925e-01   2.1959238e-02
