   1.7991982e-03   2.3458637e-03
   2.6199864e-03   4.4409528e-03
   3.1671785e-03   8.6311312e-03
   3.8511686e-03   1.2821310e-02
   4.8087548e-03   1.9106577e-02
   5.5611439e-03   2.1900029e-02
   6.4503311e-03   2.6788571e-02
   7.4079173e-03   3.1677112e-02
   8.5707005e-03   3.7264017e-02
   9.3914887e-03   4.2152558e-02
   1.0007080e-02   4.5993555e-02
   1.0622671e-02   4.8787007e-02
   1.1306661e-02   5.2278822e-02
   1.2264247e-02   5.7167364e-02
   1.3085035e-02   6.1008361e-02
   1.3905824e-02   6.4150994e-02
   1.5068607e-02   7.0436262e-02
   1.5615799e-02   7.3229714e-02
   1.6641784e-02   7.9514982e-02
   1.7530971e-02   8.5451068e-02
   1.8967351e-02   9.6275695e-02
   1.9719740e-02   1.0884623e-01
   2.0950922e-02   1.1792495e-01
   2.1498114e-02   1.2281349e-01
   2.2387301e-02   1.3398730e-01
   2.3208089e-02   1.4201848e-01
   2.3686882e-02   1.4760538e-01
   2.4165676e-02   1.5528737e-01
   2.4644469e-02   1.5947755e-01
   2.5807252e-02   1.6681036e-01
   2.6491242e-02   1.8007926e-01
   2.6764838e-02   1.8671371e-01
   2.7790823e-02   1.9928425e-01
   2.8816808e-02   2.0941051e-01
   2.9774395e-02   2.1814005e-01
   3.0800380e-02   2.2826631e-01
   3.1552769e-02   2.3664667e-01
   3.2578754e-02   2.4642375e-01
   3.3194345e-02   2.5340738e-01
   3.4083533e-02   2.6493037e-01
   3.4562326e-02   2.7226319e-01
   3.5656710e-02   2.8099272e-01
   3.6614296e-02   2.8553208e-01
   3.7366685e-02   2.9426162e-01
   3.8666266e-02   3.0508625e-01
   3.9281858e-02   3.1241906e-01
   4.0307843e-02   3.2359287e-01
   4.1539025e-02   3.3616341e-01
   4.2086217e-02   3.4419458e-01
   4.3249000e-02   3.5362248e-01
   4.4274986e-02   3.6200284e-01
   4.4616981e-02   3.6689138e-01
   4.5437769e-02   3.7492256e-01
   4.6053360e-02   3.8400128e-01
   4.6942547e-02   3.9168327e-01
   4.7763335e-02   3.9971444e-01
   4.8310527e-02   4.0599971e-01
   4.9062916e-02   4.1228498e-01
   4.9815306e-02   4.1891943e-01
   5.0567695e-02   4.2625224e-01
   5.1183286e-02   4.3253751e-01
   5.1798877e-02   4.3707687e-01
   5.2449585e-02   4.4472158e-01
   5.2960407e-02   4.5183371e-01
   5.3564107e-02   4.5847171e-01
   5.4353560e-02   4.6510970e-01
   5.5050137e-02   4.7174770e-01
   5.5839590e-02   4.7791155e-01
   5.6071782e-02   4.8217884e-01
   5.6861235e-02   4.9023926e-01
   5.7790004e-02   4.9711433e-01
   5.8347265e-02   5.0185575e-01
   5.9043841e-02   5.0825668e-01
   5.9740418e-02   5.1489467e-01
   6.0483432e-02   5.2034731e-01
   6.1226447e-02   5.2485166e-01
   6.1969462e-02   5.3077845e-01
   6.2666038e-02   5.3670523e-01
   6.3594807e-02   5.4452858e-01
   6.4152068e-02   5.5069243e-01
   6.4941521e-02   5.5709336e-01
   6.5545221e-02   5.6159771e-01
   6.6566866e-02   5.7013228e-01
   6.7495635e-02   5.7842977e-01
   6.8145773e-02   5.8577898e-01
   6.8656595e-02   5.9052040e-01
   6.9120980e-02   5.9644719e-01
   7.0142625e-02   6.0498175e-01
   7.1442901e-02   6.1612410e-01
   7.2232354e-02   6.2299917e-01
   7.3068246e-02   6.2916302e-01
   7.3625507e-02   6.3580102e-01
   7.4368522e-02   6.4220194e-01
   7.5111537e-02   6.4860287e-01
   7.5900990e-02   6.5595207e-01
   7.6690443e-02   6.6235300e-01
   7.7758527e-02   6.6993928e-01
   7.8269350e-02   6.7681435e-01
   7.9058803e-02   6.8321527e-01
   8.0173325e-02   6.9080155e-01
   8.1148532e-02   6.9933612e-01
   8.1937985e-02   7.0407754e-01
   8.2727439e-02   7.1118968e-01
   8.3238261e-02   7.1593111e-01
   8.3609769e-02   7.1996132e-01
   8.4352784e-02   7.2565103e-01
   8.5480029e-02   7.3536808e-01
   8.6631116e-02   7.4486069e-01
   8.7073842e-02   7.4983301e-01
   8.8224929e-02   7.5977764e-01
   8.9198925e-02   7.6927025e-01
   9.0261467e-02   7.7559865e-01
   9.1501099e-02   7.8509126e-01
   9.2475096e-02   7.9322778e-01
   9.3449092e-02   8.0091227e-01
   9.4511634e-02   8.0588458e-01
   9.5751266e-02   8.1492516e-01
   9.6548172e-02   8.2080154e-01
   9.7433623e-02   8.2667791e-01
   9.8319075e-02   8.3481443e-01
   1.0000143e-01   8.4566312e-01
   1.0106397e-01   8.5289558e-01
   1.0256924e-01   8.6284022e-01
   1.0372033e-01   8.6826457e-01
   1.0487142e-01   8.7685311e-01
   1.0611105e-01   8.8724978e-01
   1.0735068e-01   8.9764644e-01
   1.0894449e-01   9.0533093e-01
   1.1071539e-01   9.1572759e-01
   1.1204357e-01   9.2431614e-01
   1.1381447e-01   9.3652092e-01
   1.1558538e-01   9.4601353e-01
   1.1717919e-01   9.5460208e-01
   1.1877300e-01   9.6680686e-01
   1.2089809e-01   9.7675149e-01
   1.2302317e-01   9.8714815e-01
   1.2452844e-01   1.0002570e+00
   1.2665352e-01   1.0133658e+00
   1.2904424e-01   1.0242145e+00
   1.3116932e-01   1.0373234e+00
   1.3267459e-01   1.0454599e+00
   1.3409131e-01   1.0563086e+00
   1.3577367e-01   1.0648971e+00
   1.3719039e-01   1.0712255e+00
   1.3887275e-01   1.0798141e+00
   1.4099783e-01   1.0902107e+00
   1.4259165e-01   1.0951830e+00
   1.4533654e-01   1.1114561e+00
   1.4763872e-01   1.1227568e+00
   1.5038362e-01   1.1331535e+00
   1.5233161e-01   1.1403859e+00
   1.5427960e-01   1.1498785e+00
   1.5631614e-01   1.1593711e+00
   1.5799850e-01   1.1647955e+00
   1.6056631e-01   1.1747401e+00
   1.6260285e-01   1.1819726e+00
   1.6490502e-01   1.1914652e+00
   1.6738428e-01   1.2018619e+00
   1.6968646e-01   1.2086423e+00
   1.7092609e-01   1.2122585e+00
   1.7260845e-01   1.2199430e+00
   1.7455644e-01   1.2271755e+00
   1.7712425e-01   1.2348600e+00
   1.7880661e-01   1.2402843e+00
   1.8181714e-01   1.2484208e+00
   1.8403077e-01   1.2538452e+00
   1.8677567e-01   1.2619817e+00
   1.8925493e-01   1.2674060e+00
   1.9146856e-01   1.2768986e+00
   1.9377074e-01   1.2827750e+00
   1.9598436e-01   1.2881994e+00
   1.9884718e-01   1.2938875e+00
   2.0171637e-01   1.3018770e+00
   2.0393347e-01   1.3065375e+00
   2.0628100e-01   1.3105323e+00
   2.0797643e-01   1.3145270e+00
   2.1058479e-01   1.3191876e+00
   2.1306273e-01   1.3231823e+00
   2.1541025e-01   1.3285087e+00
   2.1854028e-01   1.3311718e+00
   2.2062696e-01   1.3358324e+00
   2.2427866e-01   1.3398271e+00
   2.2806078e-01   1.3438219e+00
   2.3249499e-01   1.3491482e+00
   2.3679878e-01   1.3524772e+00
   2.4045048e-01   1.3564719e+00
   2.4345009e-01   1.3637956e+00
   2.4658012e-01   1.3664588e+00
   2.5075349e-01   1.3677904e+00
   2.5492686e-01   1.3704535e+00
   2.5844814e-01   1.3717851e+00
   2.6183901e-01   1.3751141e+00
   2.6705572e-01   1.3764457e+00
   2.7057700e-01   1.3764457e+00
   2.7370703e-01   1.3757799e+00
   2.7774998e-01   1.3757799e+00
   2.8179294e-01   1.3777773e+00
   2.8661840e-01   1.3797746e+00
   2.8987885e-01   1.3771115e+00
   2.9457389e-01   1.3764457e+00
   2.9809517e-01   1.3764457e+00
   3.0213812e-01   1.3764457e+00
   3.0657233e-01   1.3777773e+00
   3.1061529e-01   1.3771115e+00
   3.1557116e-01   1.3731167e+00
   3.1896203e-01   1.3677904e+00
   3.2222248e-01   1.3697878e+00
   3.2691752e-01   1.3671246e+00
   3.2939546e-01   1.3644614e+00
   3.3200381e-01   1.3631298e+00
   3.3461217e-01   1.3617983e+00
   3.3839429e-01   1.3604667e+00
   3.4061139e-01   1.3591351e+00
   3.4361100e-01   1.3558061e+00
   3.4765396e-01   1.3564719e+00
   3.5052315e-01   1.3564719e+00
   3.5430527e-01   1.3464850e+00
   3.5808739e-01   1.3498140e+00
   3.6069574e-01   1.3458192e+00
   3.6343452e-01   1.3458192e+00
   3.6552120e-01   1.3411587e+00
   3.6812956e-01   1.3384955e+00
   3.6982499e-01   1.3398271e+00
   3.7178126e-01   1.3398271e+00
   3.7334628e-01   1.3371640e+00
   3.7465046e-01   1.3345008e+00
   3.7699798e-01   1.3345008e+00
   3.7960633e-01   1.3318376e+00
   3.8182344e-01   1.3285087e+00
   3.8469263e-01   1.3258455e+00
   3.8769224e-01   1.3231823e+00
   3.9003976e-01   1.3231823e+00
   3.9343063e-01   1.3245139e+00
   3.9603898e-01   1.3178560e+00
   4.0203821e-01   1.3118639e+00
   4.0803743e-01   1.3092007e+00
   4.1194996e-01   1.3078691e+00
   4.1703626e-01   1.3032086e+00
   4.1990545e-01   1.3005454e+00
   4.2407882e-01   1.2938875e+00
   4.2733927e-01   1.2952191e+00
   4.3073014e-01   1.2925559e+00
   4.3516434e-01   1.2912243e+00
   4.3907688e-01   1.2892269e+00
   4.4364150e-01   1.2839006e+00
   4.4690195e-01   1.2812374e+00
   4.5146658e-01   1.2799058e+00
   4.5550953e-01   1.2785743e+00
   4.5890039e-01   1.2785743e+00
   4.6268251e-01   1.2772427e+00
   4.6737755e-01   1.2725821e+00
   4.7038601e-01   1.2743364e+00
   4.7561017e-01   1.2756925e+00
   4.8012597e-01   1.2756925e+00
   4.8481887e-01   1.2756925e+00
   4.8738668e-01   1.2716242e+00
   4.9199102e-01   1.2671039e+00
   4.9544428e-01   1.2689120e+00
   5.0075699e-01   1.2698161e+00
   5.0385607e-01   1.2707202e+00
   5.0801769e-01   1.2716242e+00
   5.1155950e-01   1.2707202e+00
   5.1660657e-01   1.2707202e+00
   5.1961711e-01   1.2689120e+00
   5.2289328e-01   1.2689120e+00
   5.2590381e-01   1.2698161e+00
   5.2962271e-01   1.2716242e+00
   5.3298742e-01   1.2734323e+00
   5.3714904e-01   1.2725283e+00
   5.4157630e-01   1.2716242e+00
   5.4777446e-01   1.2698161e+00
   5.5255590e-01   1.2716242e+00
   5.5724879e-01   1.2725283e+00
   5.6247295e-01   1.2747884e+00
   5.6610331e-01   1.2747884e+00
   5.7327546e-01   1.2725283e+00
   5.7681727e-01   1.2725283e+00
   5.8407797e-01   1.2725283e+00
   5.8753123e-01   1.2734323e+00
   5.9417211e-01   1.2747884e+00
   5.9948482e-01   1.2716242e+00
   6.0240681e-01   1.2689120e+00
   6.0789661e-01   1.2689120e+00
   6.1214678e-01   1.2698161e+00
   6.1524586e-01   1.2698161e+00
   6.2020439e-01   1.2689120e+00
   6.2321492e-01   1.2661999e+00
   6.2631400e-01   1.2648438e+00
   6.3065271e-01   1.2630357e+00
   6.3348616e-01   1.2585154e+00
   6.3667378e-01   1.2603235e+00
   6.4007383e-01   1.2549522e+00
   6.4383497e-01   1.2538550e+00
   6.4641403e-01   1.2516606e+00
   6.5071247e-01   1.2472719e+00
   6.5758998e-01   1.2401401e+00
   6.6092127e-01   1.2346542e+00
   6.6521971e-01   1.2286196e+00
   6.6898084e-01   1.2220365e+00
   6.7198975e-01   1.2181963e+00
   6.7575089e-01   1.2121618e+00
   6.7843741e-01   1.2077730e+00
   6.8241347e-01   1.2033842e+00
   6.8606714e-01   1.1984469e+00
   6.8886113e-01   1.1907665e+00
   6.9133273e-01   1.1874750e+00
   6.9434164e-01   1.1792460e+00
   6.9584609e-01   1.1743087e+00
   6.9864008e-01   1.1688227e+00
   7.0132661e-01   1.1633367e+00
   7.0412059e-01   1.1578508e+00
   7.0702204e-01   1.1501704e+00
   7.0960110e-01   1.1424901e+00
   7.1228763e-01   1.1364556e+00
   7.1561892e-01   1.1260322e+00
   7.1895021e-01   1.1194491e+00
   7.2281881e-01   1.1084772e+00
   7.2582772e-01   1.0996997e+00
   7.2894408e-01   1.0925679e+00
   7.3163061e-01   1.0788530e+00
   7.3474698e-01   1.0684297e+00
   7.3818573e-01   1.0596522e+00
   7.4087226e-01   1.0492289e+00
   7.4388116e-01   1.0366112e+00
   7.4721246e-01   1.0261878e+00
   7.5097359e-01   1.0113758e+00
   7.5494965e-01   9.9601508e-01
   7.5860332e-01   9.8339738e-01
   7.6150477e-01   9.7187688e-01
   7.6440622e-01   9.5925918e-01
   7.6773751e-01   9.4444710e-01
   7.7053149e-01   9.3292659e-01
   7.7278818e-01   9.2250327e-01
   7.7536724e-01   9.1098276e-01
   7.7794630e-01   9.0001085e-01
   7.8063283e-01   8.8574736e-01
   7.8374920e-01   8.6928950e-01
   7.8665065e-01   8.5776899e-01
   7.8955209e-01   8.4350550e-01
   7.9223057e-01   8.2923751e-01
   7.9515193e-01   8.1645431e-01
   7.9779507e-01   7.9798968e-01
   8.0099465e-01   7.8094541e-01
   8.0363779e-01   7.6603167e-01
   8.0669826e-01   7.5182811e-01
   8.0892406e-01   7.3691437e-01
   8.1170631e-01   7.2271081e-01
   8.1365388e-01   7.0992761e-01
   8.1587968e-01   6.9359351e-01
   8.1816117e-01   6.8136936e-01
   8.1989252e-01   6.7187599e-01
   8.2162387e-01   6.6336469e-01
   8.2322697e-01   6.5256189e-01
   8.2508657e-01   6.4241380e-01
   8.2694617e-01   6.3095628e-01
   8.2893402e-01   6.1884405e-01
   8.3085774e-01   6.0509502e-01
   8.3226847e-01   5.9298279e-01
   8.3496168e-01   5.7988848e-01
   8.3694952e-01   5.6679418e-01
   8.3868087e-01   5.5631873e-01
   8.4086109e-01   5.4256971e-01
   8.4336193e-01   5.2816597e-01
   8.4528565e-01   5.1507166e-01
   8.4753000e-01   4.9968585e-01
   8.4977434e-01   4.8462740e-01
   8.5195456e-01   4.7251516e-01
   8.5387828e-01   4.6040293e-01
   8.5631500e-01   4.4501712e-01
   8.5875171e-01   4.2897659e-01
   8.6095835e-01   4.1605731e-01
   8.6291331e-01   4.0311006e-01
   8.6423422e-01   3.9474830e-01
   8.6587216e-01   3.8476812e-01
   8.6772144e-01   3.7505768e-01
   8.6962356e-01   3.6238017e-01
   8.7120866e-01   3.4997238e-01
   8.7268808e-01   3.4026194e-01
   8.7559410e-01   3.2326867e-01
   8.7860578e-01   3.0924248e-01
   8.7976819e-01   3.0303859e-01
   8.8108910e-01   2.9602550e-01
   8.8246285e-01   2.8874267e-01
   8.8425930e-01   2.7903223e-01
   8.8558021e-01   2.7120993e-01
   8.8737666e-01   2.6554551e-01
   8.8885608e-01   2.5691401e-01
   8.9091671e-01   2.4990091e-01
   8.9313585e-01   2.3938127e-01
   8.9535499e-01   2.2886163e-01
   8.9730994e-01   2.2184853e-01
   8.9884220e-01   2.1537491e-01
   9.0084999e-01   2.0674341e-01
   9.0291062e-01   2.0107898e-01
   9.0539394e-01   1.9730270e-01
   9.0761308e-01   1.9352642e-01
   9.0977938e-01   1.8759226e-01
   9.1189285e-01   1.8246731e-01
   9.1405915e-01   1.7734235e-01
   9.1717651e-01   1.7275687e-01
   9.1960699e-01   1.7194767e-01
   9.2330555e-01   1.7113846e-01
   9.2631724e-01   1.7059899e-01
   9.2843070e-01   1.7113846e-01
   9.3059701e-01   1.7275687e-01
   9.3308033e-01   1.7275687e-01
   9.3540514e-01   1.7221740e-01
   9.3704307e-01   1.7356607e-01
   9.3831115e-01   1.7599368e-01
   9.4068880e-01   1.7707262e-01
   9.4311928e-01   1.7761209e-01
   9.4512704e-01   1.7950027e-01
   9.4739902e-01   1.8408575e-01
   9.5009368e-01   1.8354628e-01
   9.5310537e-01   1.8354628e-01
   9.5601138e-01   1.8057920e-01
   9.5939293e-01   1.7707266e-01
   9.6235178e-01   1.7653319e-01
   9.6552197e-01   1.7275691e-01
   9.6747693e-01   1.6978983e-01
   9.6879784e-01   1.5792151e-01
   9.6937905e-01   1.5009922e-01
   9.7085847e-01   1.4254665e-01
   9.7276059e-01   1.3769143e-01
   9.7408150e-01   1.2959940e-01
   9.7503256e-01   1.2231657e-01
   9.7645915e-01   1.1449427e-01
   9.7778007e-01   1.0640224e-01
   9.7904814e-01   9.6961535e-02
   9.8058041e-01   8.8869502e-02
   9.8168998e-01   8.4014282e-02
   9.8264103e-01   7.7001188e-02
   9.8412046e-01   6.9178889e-02
   9.8575839e-01   6.2974998e-02
   9.8766051e-01   5.5422434e-02
   9.8956263e-01   5.0027746e-02
   9.9125340e-01   4.2744916e-02
   9.9262715e-01   3.5731821e-02
   9.9421225e-01   3.1416071e-02
   9.9569168e-01   2.4942445e-02
   9.9732961e-01   1.8199084e-02
   9.9870336e-01   1.1995192e-02
