   1.6549451e-03   1.4972808e-03
   3.0363114e-03   3.3659145e-03
   4.5558144e-03   7.3367611e-03
   5.9832262e-03   1.2008345e-02
   8.4236400e-03   1.7380667e-02
   1.0173371e-02   2.2752989e-02
   1.2936103e-02   3.2329737e-02
   1.5100244e-02   3.8636376e-02
   1.7540658e-02   4.8446703e-02
   1.8922024e-02   5.5454079e-02
   2.0257345e-02   6.2227876e-02
   2.2237303e-02   7.2972520e-02
   2.3848897e-02   8.0447055e-02
   2.5460491e-02   8.7220852e-02
   2.6887903e-02   9.6564021e-02
   2.8131133e-02   1.0380498e-01
   2.9788772e-02   1.1081235e-01
   3.1676640e-02   1.1852047e-01
   3.3472416e-02   1.2669574e-01
   3.5222146e-02   1.2996585e-01
   3.7432333e-02   1.3276880e-01
   3.9550428e-02   1.3627249e-01
   4.1530386e-02   1.3907544e-01
   4.3878709e-02   1.4164481e-01
   4.5766576e-02   1.4444776e-01
   4.9956720e-02   1.5028724e-01
   5.3410136e-02   1.5379093e-01
   5.7968645e-02   1.5659388e-01
   6.0132786e-02   1.5472525e-01
   6.3540156e-02   1.5425809e-01
   6.6809390e-02   1.5402452e-01
   6.9433986e-02   1.5402452e-01
   7.2657174e-02   1.5309021e-01
   7.6432909e-02   1.5636031e-01
   7.9978415e-02   1.5846253e-01
   8.3984378e-02   1.5939684e-01
   8.6470837e-02   1.6126548e-01
   8.8496841e-02   1.6383485e-01
   9.1627938e-02   1.6757212e-01
   9.3884170e-02   1.7060865e-01
   9.7613859e-02   1.7457949e-01
   9.9225453e-02   1.7504665e-01
   1.0226446e-01   1.7855034e-01
   1.0401419e-01   1.8345550e-01
   1.0544160e-01   1.8672561e-01
   1.0714529e-01   1.9022930e-01
   1.0884897e-01   1.9279867e-01
   1.1078288e-01   1.9606878e-01
   1.1262471e-01   1.9863815e-01
   1.1409816e-01   2.0097394e-01
   1.1635439e-01   2.0517837e-01
   1.1815017e-01   2.1008353e-01
   1.2013013e-01   2.1522228e-01
   1.2247845e-01   2.2106176e-01
   1.2409005e-01   2.2503260e-01
   1.2514909e-01   2.2806913e-01
   1.2662255e-01   2.3227356e-01
   1.2809601e-01   2.3671156e-01
   1.3035224e-01   2.4208389e-01
   1.3219406e-01   2.4652189e-01
   1.3352938e-01   2.5095990e-01
   1.3517386e-01   2.5323123e-01
   1.3664732e-01   2.5846340e-01
   1.3787520e-01   2.6220067e-01
   1.3929954e-01   2.6568879e-01
   1.4062565e-01   2.6992436e-01
   1.4239380e-01   2.7465823e-01
   1.4445664e-01   2.8038870e-01
   1.4642125e-01   2.8462427e-01
   1.4882790e-01   2.9035475e-01
   1.5098897e-01   2.9558693e-01
   1.5349385e-01   3.0281231e-01
   1.5555669e-01   3.0904109e-01
   1.5717749e-01   3.1427326e-01
   1.5860183e-01   3.1850883e-01
   1.6095937e-01   3.2523591e-01
   1.6262928e-01   3.2922233e-01
   1.6425009e-01   3.3295960e-01
   1.6636204e-01   3.3844093e-01
   1.6763904e-01   3.4242734e-01
   1.6921073e-01   3.4691206e-01
   1.7053684e-01   3.5040018e-01
   1.7397491e-01   3.5837302e-01
   1.7549748e-01   3.6186113e-01
   1.7692182e-01   3.6584755e-01
   1.7868997e-01   3.7132888e-01
   1.8011431e-01   3.7506615e-01
   1.8099839e-01   3.7755766e-01
   1.8266831e-01   3.8278983e-01
   1.8468203e-01   3.8802201e-01
   1.8723602e-01   3.9449994e-01
   1.8807098e-01   3.9674230e-01
   1.8964267e-01   4.0072872e-01
   1.9121436e-01   4.0496429e-01
   1.9283516e-01   4.0820325e-01
   1.9519269e-01   4.1368458e-01
   1.9700996e-01   4.1841845e-01
   1.9907280e-01   4.2265402e-01
   2.0108652e-01   4.2713874e-01
   2.0408255e-01   4.3237091e-01
   2.0629274e-01   4.3635733e-01
   2.0933788e-01   4.4333356e-01
   2.1223568e-01   4.5006065e-01
   2.1444587e-01   4.5529282e-01
   2.1655783e-01   4.6027584e-01
   2.1847332e-01   4.6451144e-01
   2.2029058e-01   4.6874701e-01
   2.2279546e-01   4.7198598e-01
   2.2534945e-01   4.7597240e-01
   2.2692114e-01   4.8070627e-01
   2.2913132e-01   4.8544014e-01
   2.3124328e-01   4.8967571e-01
   2.3374816e-01   4.9490788e-01
   2.3659684e-01   4.9964176e-01
   2.3900349e-01   5.0337902e-01
   2.4195040e-01   5.0910950e-01
   2.4420970e-01   5.1434167e-01
   2.4627254e-01   5.1907555e-01
   2.4902300e-01   5.2356027e-01
   2.5196991e-01   5.2879244e-01
   2.5496594e-01   5.3452292e-01
   2.5751994e-01   5.3925679e-01
   2.5963189e-01   5.4299406e-01
   2.6140004e-01   5.4623302e-01
   2.6356111e-01   5.4922284e-01
   2.6655714e-01   5.5445501e-01
   2.6852175e-01   5.5893973e-01
   2.7058459e-01   5.6342445e-01
   2.7274566e-01   5.6741087e-01
   2.7461204e-01   5.7015154e-01
   2.7667488e-01   5.7339050e-01
   2.7859038e-01   5.7638031e-01
   2.8050587e-01   5.7961928e-01
   2.8335456e-01   5.8385485e-01
   2.8482801e-01   5.8584806e-01
   2.8605589e-01   5.8833957e-01
   2.8860989e-01   5.9332259e-01
   2.8944485e-01   5.9506665e-01
   2.9298114e-01   5.9955137e-01
   2.9509310e-01   6.0303949e-01
   2.9725417e-01   6.0578015e-01
   2.9941524e-01   6.0901912e-01
   3.0231304e-01   6.1350384e-01
   3.0486703e-01   6.1773941e-01
   3.0683164e-01   6.2172583e-01
   3.0918918e-01   6.2770545e-01
   3.1080998e-01   6.3094442e-01
   3.1375689e-01   6.3567835e-01
   3.1660558e-01   6.4140883e-01
   3.1906134e-01   6.4390034e-01
   3.2186091e-01   6.4813591e-01
   3.2456225e-01   6.5486299e-01
   3.2696890e-01   6.6009517e-01
   3.2976847e-01   6.6482904e-01
   3.3222423e-01   6.6806801e-01
   3.3482734e-01   6.7155612e-01
   3.3821629e-01   6.7628999e-01
   3.4204728e-01   6.8202047e-01
   3.4465039e-01   6.8625604e-01
   3.4690969e-01   6.9049161e-01
   3.5029864e-01   6.9622209e-01
   3.5231236e-01   6.9971020e-01
   3.5481724e-01   7.0319832e-01
   3.5761681e-01   7.0718474e-01
   3.6002346e-01   7.1142031e-01
   3.6100576e-01   7.1316437e-01
   3.6424737e-01   7.1839654e-01
   3.6709605e-01   7.2188466e-01
   3.6965005e-01   7.2487447e-01
   3.7254785e-01   7.2935919e-01
   3.7426688e-01   7.3334561e-01
   3.7623149e-01   7.3758118e-01
   3.7829433e-01   7.4106930e-01
   3.8040628e-01   7.4505571e-01
   3.8271470e-01   7.4904213e-01
   3.8413904e-01   7.5103534e-01
   3.8615277e-01   7.5427431e-01
   3.8875588e-01   7.5726412e-01
   3.9076960e-01   7.6075224e-01
   3.9224306e-01   7.6249630e-01
   3.9509174e-01   7.6598441e-01
   3.9774397e-01   7.6972168e-01
   4.0059265e-01   7.7370810e-01
   4.0319573e-01   7.7420639e-01
   4.0589706e-01   7.7819281e-01
   4.0943336e-01   7.8193008e-01
   4.1174178e-01   7.8666395e-01
   4.1537631e-01   7.9040122e-01
   4.1896172e-01   7.9438764e-01
   4.2200686e-01   7.9912151e-01
   4.2524847e-01   8.0335708e-01
   4.2721308e-01   8.0609774e-01
   4.2961973e-01   8.0908755e-01
   4.3448214e-01   8.1481803e-01
   4.3767463e-01   8.1780785e-01
   4.4126004e-01   8.2154511e-01
   4.4499280e-01   8.2478408e-01
   4.4754679e-01   8.2677729e-01
   4.5029725e-01   8.2827219e-01
   4.5319505e-01   8.3051455e-01
   4.5599462e-01   8.3225861e-01
   4.5894153e-01   8.3475012e-01
   4.6124995e-01   8.3674333e-01
   4.6306721e-01   8.3848739e-01
   4.6665262e-01   8.4197551e-01
   4.6876458e-01   8.4297211e-01
   4.7269380e-01   8.4421787e-01
   4.7652479e-01   8.4621108e-01
   4.8168189e-01   8.4820429e-01
   4.8516907e-01   8.4994835e-01
   4.8934387e-01   8.5293816e-01
   4.9248724e-01   8.5343646e-01
   4.9695673e-01   8.5243986e-01
   5.0014920e-01   8.5169240e-01
   5.0402930e-01   8.5069580e-01
   5.0972667e-01   8.5019750e-01
   5.1473642e-01   8.5094495e-01
   5.1969706e-01   8.5069580e-01
   5.2475593e-01   8.5019750e-01
   5.2996215e-01   8.5119410e-01
   5.3310553e-01   8.4795514e-01
   5.3698563e-01   8.4621108e-01
   5.4174981e-01   8.4446702e-01
   5.4484407e-01   8.4122806e-01
   5.4946090e-01   8.3848739e-01
   5.5309543e-01   8.3699249e-01
   5.5506004e-01   8.3549758e-01
   5.5839988e-01   8.3375352e-01
   5.6061006e-01   8.3250776e-01
   5.6483398e-01   8.3026540e-01
   5.6704416e-01   8.2877050e-01
   5.7023665e-01   8.2652814e-01
   5.7377297e-01   8.2328917e-01
   5.7804600e-01   8.1905360e-01
   5.8148406e-01   8.1730954e-01
   5.8433275e-01   8.1307397e-01
   5.8860578e-01   8.0883840e-01
   5.9287880e-01   8.0510114e-01
   5.9734829e-01   8.0161302e-01
   5.9941113e-01   7.9837405e-01
   6.0235804e-01   7.9588254e-01
   6.0574700e-01   7.9264358e-01
   6.1026560e-01   7.9040122e-01
   6.1272136e-01   7.8691310e-01
   6.1586474e-01   7.8217923e-01
   6.1876254e-01   7.7943857e-01
   6.2161122e-01   7.7495385e-01
   6.2445991e-01   7.7221318e-01
   6.2750505e-01   7.7071828e-01
   6.2951878e-01   7.6747931e-01
   6.3217100e-01   7.6548610e-01
   6.3501968e-01   7.6174883e-01
   6.3840864e-01   7.5925732e-01
   6.4022590e-01   7.5601836e-01
   6.4287812e-01   7.5452345e-01
   6.4607061e-01   7.4978958e-01
   6.4965603e-01   7.4829467e-01
   6.5157152e-01   7.4555401e-01
   6.5392903e-01   7.4530486e-01
   6.5746533e-01   7.4106929e-01
   6.6203304e-01   7.3857778e-01
   6.6684634e-01   7.3384391e-01
   6.6984237e-01   7.3010664e-01
   6.7416451e-01   7.2811343e-01
   6.7892869e-01   7.2387786e-01
   6.8177737e-01   7.2088805e-01
   6.8659067e-01   7.1764908e-01
   6.9160042e-01   7.1291521e-01
   6.9646283e-01   7.0992540e-01
   7.0044117e-01   7.0718473e-01
   7.0550004e-01   7.0718473e-01
   7.0952749e-01   7.0668643e-01
   7.1473370e-01   7.0344747e-01
   7.1905585e-01   7.0045765e-01
   7.2219922e-01   7.0294916e-01
   7.2509702e-01   7.0344747e-01
   7.2863351e-01   7.0131889e-01
   7.3202875e-01   7.0210177e-01
   7.3727593e-01   7.0210177e-01
   7.4206013e-01   7.0288464e-01
   7.4692149e-01   7.0523328e-01
   7.5301748e-01   7.0445040e-01
   7.6220006e-01   7.0523328e-01
   7.6690707e-01   7.0953911e-01
   7.7145978e-01   7.0875623e-01
   7.7825025e-01   7.0875623e-01
   7.8658401e-01   7.0797335e-01
   7.9368314e-01   7.0953911e-01
   8.0155392e-01   7.1267062e-01
   8.0572080e-01   7.1306206e-01
   8.1606084e-01   7.1384494e-01
   8.2153952e-01   7.1619357e-01
   8.2887014e-01   7.1306206e-01
   8.3496614e-01   7.0953911e-01
   8.4221960e-01   7.0562472e-01
   8.4715812e-01   7.0053601e-01
   8.5271397e-01   6.9544731e-01
   8.5711234e-01   6.8996716e-01
   8.6043041e-01   6.8487846e-01
   8.6444297e-01   6.7900688e-01
   8.6791537e-01   6.7196098e-01
   8.7254524e-01   6.6374076e-01
   8.7563181e-01   6.5630342e-01
   8.7902705e-01   6.4690889e-01
   8.8234512e-01   6.3908011e-01
   8.8550887e-01   6.3320852e-01
   8.8874977e-01   6.2342255e-01
   8.9168202e-01   6.1520233e-01
   8.9445995e-01   6.0698212e-01
   8.9800951e-01   5.9563039e-01
   9.0017012e-01   5.8741017e-01
   9.0230656e-01   5.7845770e-01
   9.0471648e-01   5.6995334e-01
   9.0675968e-01   5.6437236e-01
   9.0854092e-01   5.5772833e-01
   9.1016500e-01   5.5214734e-01
   9.1184147e-01   5.4390874e-01
   9.1357032e-01   5.3567014e-01
   9.1519440e-01   5.2849459e-01
   9.1687087e-01   5.2238208e-01
   9.1839017e-01   5.1706686e-01
   9.2032858e-01   5.0829674e-01
   9.2174310e-01   4.9952662e-01
   9.2410063e-01   4.9049073e-01
   9.2614383e-01   4.7799996e-01
   9.2802985e-01   4.6976136e-01
   9.3017783e-01   4.5992819e-01
   9.3185429e-01   4.5089231e-01
   9.3384510e-01   4.4105914e-01
   9.3541678e-01   4.3096022e-01
   9.3751237e-01   4.1979824e-01
   9.3966034e-01   4.0863627e-01
   9.4170354e-01   3.9747429e-01
   9.4448019e-01   3.7940253e-01
   9.4662816e-01   3.6691175e-01
   9.4814746e-01   3.5654706e-01
   9.5019065e-01   3.4618237e-01
   9.5223385e-01   3.3183127e-01
   9.5354359e-01   3.2120082e-01
   9.5474855e-01   3.1083613e-01
   9.5605829e-01   3.0020568e-01
   9.5757759e-01   2.8957523e-01
   9.5914927e-01   2.8160239e-01
   9.6066857e-01   2.7389532e-01
   9.6265938e-01   2.5874693e-01
   9.6396912e-01   2.4917952e-01
   9.6548842e-01   2.3775178e-01
   9.6700771e-01   2.2712133e-01
   9.6836984e-01   2.1728817e-01
   9.7004631e-01   2.0107673e-01
   9.7072738e-01   1.8938324e-01
   9.7187995e-01   1.7636094e-01
   9.7261340e-01   1.6918538e-01
   9.7366119e-01   1.5855493e-01
   9.7476137e-01   1.4898753e-01
   9.7586156e-01   1.4021741e-01
   9.7685696e-01   1.3224457e-01
   9.7795714e-01   1.2161412e-01
   9.7926688e-01   1.0938910e-01
   9.8052423e-01   9.9555937e-02
   9.8167680e-01   8.9457010e-02
   9.8267220e-01   7.9358083e-02
   9.8372000e-01   6.9790678e-02
   9.8565841e-01   5.9957512e-02
   9.8743966e-01   5.2781959e-02
   9.9021631e-01   3.7633568e-02
   9.9215472e-01   3.0458015e-02
   9.9383119e-01   2.0359088e-02
   9.9545526e-01   1.3183534e-02
   9.9660784e-01   7.3367871e-03
   9.9828430e-01   2.0215623e-03
