   6.6021141e-03   4.7452905e-01
   1.1260203e-02   2.0672862e+00
   1.8116044e-02   4.3195799e+00
   2.6718410e-02   7.6286976e+00
   3.3170185e-02   1.0570136e+01
   3.9084311e-02   1.5104852e+01
   4.4460790e-02   2.0007249e+01
   5.0912565e-02   2.4787086e+01
   5.5751395e-02   2.9566922e+01
   6.0590226e-02   3.5327238e+01
   6.7042001e-02   4.0842434e+01
   7.0805536e-02   4.5499711e+01
   7.7794958e-02   5.2975866e+01
   8.6397324e-02   6.0329460e+01
   9.1773803e-02   6.6457456e+01
   9.6074986e-02   7.2095212e+01
   1.0037617e-01   7.7242729e+01
   1.0736559e-01   8.2635365e+01
   1.1059148e-01   8.7537761e+01
   1.1596796e-01   9.2685279e+01
   1.2295738e-01   9.7832795e+01
   1.2940916e-01   1.0199983e+02
   1.3801152e-01   1.0837295e+02
   1.4553859e-01   1.1548142e+02
   1.5736685e-01   1.2320270e+02
   1.6865745e-01   1.3018861e+02
   1.7618452e-01   1.3545869e+02
   1.8263630e-01   1.3913549e+02
   1.9070101e-01   1.4428300e+02
   2.0306692e-01   1.4906284e+02
   2.1543282e-01   1.5322988e+02
   2.2941166e-01   1.5715179e+02
   2.4392815e-01   1.6021579e+02
   2.5844465e-01   1.6217675e+02
   2.7242349e-01   1.6303467e+02
   2.8263880e-01   1.6254443e+02
   2.9446705e-01   1.6168651e+02
   3.0790825e-01   1.6119627e+02
   3.1973650e-01   1.5960299e+02
   3.3210241e-01   1.5764203e+02
   3.4393066e-01   1.5555851e+02
   3.5307067e-01   1.5372012e+02
   3.6436128e-01   1.5322988e+02
   3.7457659e-01   1.4967564e+02
   3.8425425e-01   1.4575372e+02
   3.9608250e-01   1.4170924e+02
   4.1221194e-01   1.3754221e+02
   4.2242725e-01   1.3386541e+02
   4.3318021e-01   1.3055629e+02
   4.4447081e-01   1.2724717e+02
   4.5629907e-01   1.2332526e+02
   4.6974026e-01   1.1903566e+02
   4.8103087e-01   1.1597166e+02
   4.9393442e-01   1.1217231e+02
   5.0737561e-01   1.0886319e+02
   5.1974151e-01   1.0518639e+02
   5.2995682e-01   1.0261263e+02
   5.4554861e-01   9.9916314e+01
   5.6167805e-01   9.6974876e+01
   5.7619454e-01   9.5504157e+01
   5.9770046e-01   9.3543200e+01
   6.1705579e-01   9.2440161e+01
   6.3479817e-01   9.1092002e+01
   6.5254055e-01   9.0234083e+01
   6.6866998e-01   8.8395684e+01
   6.8587471e-01   8.6557285e+01
   7.0361709e-01   8.4106087e+01
   7.2297242e-01   8.1287209e+01
   7.3533832e-01   7.8468331e+01
   7.5146775e-01   7.4791533e+01
   7.6759719e-01   7.1482416e+01
   7.8157604e-01   6.6825139e+01
   7.9501723e-01   6.3516021e+01
   8.0792078e-01   5.8613625e+01
   8.2136198e-01   5.3711228e+01
   8.3235757e-01   5.0034433e+01
   8.4418582e-01   4.5989956e+01
   8.5386349e-01   4.2068039e+01
   8.6784233e-01   3.7043082e+01
   8.8235882e-01   3.1650446e+01
   9.0063885e-01   2.5277330e+01
   9.1246710e-01   2.0007254e+01
   9.2644595e-01   1.6330457e+01
   9.4042479e-01   1.2163420e+01
   9.5171540e-01   8.7317421e+00
   9.6623189e-01   5.7903041e+00
   9.7806014e-01   3.8293455e+00
   9.8827545e-01   2.6037464e+00
   9.9795312e-01   6.4278776e-01
